{
 "cells": [
  {
   "source": [
    "# Exploratory Notebook\n",
    "> Claus Martinsen - TDT05 Project 2"
   ],
   "cell_type": "markdown",
   "metadata": {}
  },
  {
   "cell_type": "code",
   "execution_count": 1,
   "metadata": {},
   "outputs": [],
   "source": [
    "%matplotlib inline\n",
    "import pandas as pd\n",
    "import numpy as np\n",
    "import seaborn as sns\n",
    "from matplotlib import pyplot as plt"
   ]
  },
  {
   "cell_type": "code",
   "execution_count": 11,
   "metadata": {},
   "outputs": [],
   "source": [
    "pd.set_option('display.max_columns', 30)"
   ]
  },
  {
   "source": [
    "## Data import"
   ],
   "cell_type": "markdown",
   "metadata": {}
  },
  {
   "cell_type": "code",
   "execution_count": 4,
   "metadata": {},
   "outputs": [],
   "source": [
    "TRAINING_DATA = \"../data/challenge2_train.csv\"\n",
    "train_df = pd.read_csv(TRAINING_DATA)"
   ]
  },
  {
   "cell_type": "code",
   "execution_count": 7,
   "metadata": {},
   "outputs": [],
   "source": [
    "TESTING_DATA = \"../data/challenge2_test.csv\"\n",
    "test_df = pd.read_csv(TESTING_DATA)"
   ]
  },
  {
   "cell_type": "code",
   "execution_count": 14,
   "metadata": {},
   "outputs": [
    {
     "output_type": "execute_result",
     "data": {
      "text/plain": "                 id        target            f0           f1            f2  \\\ncount  50000.000000  50000.000000  45122.000000  50000.00000  48816.000000   \nmean   24999.500000      0.225320   1017.678647     23.49612      5.018887   \nstd    14433.901067      0.417797      7.130390     14.01738      0.007177   \nmin        0.000000      0.000000    982.000000      0.00000      4.998000   \n25%    12499.750000      0.000000   1013.000000     11.00000      5.014000   \n50%    24999.500000      0.000000   1017.600000     23.00000      5.019100   \n75%    37499.250000      0.000000   1022.500000     35.00000      5.024100   \nmax    49999.000000      1.000000   1040.900000     48.00000      5.045800   \n\n                 f3            f5            f6            f7            f9  \\\ncount  49677.000000  26130.000000  46648.000000  49517.000000  49497.000000   \nmean      16.998782      7.628550     40.050999     14.000848      0.222862   \nstd        6.520973      3.776794     13.655620      8.936280      0.416171   \nmin       -6.200000      0.000000      7.000000      0.000000      0.000000   \n25%       12.300000      4.900000     31.000000      7.000000      0.000000   \n50%       16.700000      8.500000     39.000000     13.000000      0.000000   \n75%       21.600000     10.600000     48.000000     19.000000      0.000000   \nmax       39.100000     14.300000    130.000000     87.000000      1.000000   \n\n                f10          f11           f13           f14           f15  \\\ncount  28585.000000  49894.00000  49497.000000  29937.000000  49057.000000   \nmean       5.463607     23.23301      2.379215      4.508668     18.686630   \nstd        4.251483      7.15277      8.795403      2.717503      8.842879   \nmin        0.000000     -4.10000      0.000000      0.000000      0.000000   \n25%        2.600000     17.90000      0.000000      2.000000     13.000000   \n50%        4.800000     22.60000      0.000000      5.000000     19.000000   \n75%        7.400000     28.30000      0.800000      7.000000     24.000000   \nmax      145.000000     46.80000    371.000000      9.000000     87.000000   \n\n                f16           f18           f19           f20           f22  \\\ncount  49020.000000  48749.000000  45121.000000  31245.000000  49746.000000   \nmean      21.683570      7.305524   1015.285913      4.428837     12.191203   \nstd        6.970918      3.546719      7.057875      2.884968      6.414481   \nmin       -5.100000      0.000000    978.200000      0.000000     -8.500000   \n25%       16.600000      5.000000   1010.500000      1.000000      7.600000   \n50%       21.100000      7.000000   1015.300000      5.000000     12.000000   \n75%       26.500000     10.000000   1020.100000      7.000000     16.900000   \nmax       46.100000     13.000000   1038.500000      9.000000     33.900000   \n\n                f23           f24  \ncount  25160.000000  49398.000000  \nmean      52.013712     68.806470  \nstd        8.323467     19.024988  \nmin       37.000000      1.000000  \n25%       45.000000     57.000000  \n50%       52.000000     70.000000  \n75%       59.000000     83.000000  \nmax       66.000000    100.000000  ",
      "text/html": "<div>\n<style scoped>\n    .dataframe tbody tr th:only-of-type {\n        vertical-align: middle;\n    }\n\n    .dataframe tbody tr th {\n        vertical-align: top;\n    }\n\n    .dataframe thead th {\n        text-align: right;\n    }\n</style>\n<table border=\"1\" class=\"dataframe\">\n  <thead>\n    <tr style=\"text-align: right;\">\n      <th></th>\n      <th>id</th>\n      <th>target</th>\n      <th>f0</th>\n      <th>f1</th>\n      <th>f2</th>\n      <th>f3</th>\n      <th>f5</th>\n      <th>f6</th>\n      <th>f7</th>\n      <th>f9</th>\n      <th>f10</th>\n      <th>f11</th>\n      <th>f13</th>\n      <th>f14</th>\n      <th>f15</th>\n      <th>f16</th>\n      <th>f18</th>\n      <th>f19</th>\n      <th>f20</th>\n      <th>f22</th>\n      <th>f23</th>\n      <th>f24</th>\n    </tr>\n  </thead>\n  <tbody>\n    <tr>\n      <th>count</th>\n      <td>50000.000000</td>\n      <td>50000.000000</td>\n      <td>45122.000000</td>\n      <td>50000.00000</td>\n      <td>48816.000000</td>\n      <td>49677.000000</td>\n      <td>26130.000000</td>\n      <td>46648.000000</td>\n      <td>49517.000000</td>\n      <td>49497.000000</td>\n      <td>28585.000000</td>\n      <td>49894.00000</td>\n      <td>49497.000000</td>\n      <td>29937.000000</td>\n      <td>49057.000000</td>\n      <td>49020.000000</td>\n      <td>48749.000000</td>\n      <td>45121.000000</td>\n      <td>31245.000000</td>\n      <td>49746.000000</td>\n      <td>25160.000000</td>\n      <td>49398.000000</td>\n    </tr>\n    <tr>\n      <th>mean</th>\n      <td>24999.500000</td>\n      <td>0.225320</td>\n      <td>1017.678647</td>\n      <td>23.49612</td>\n      <td>5.018887</td>\n      <td>16.998782</td>\n      <td>7.628550</td>\n      <td>40.050999</td>\n      <td>14.000848</td>\n      <td>0.222862</td>\n      <td>5.463607</td>\n      <td>23.23301</td>\n      <td>2.379215</td>\n      <td>4.508668</td>\n      <td>18.686630</td>\n      <td>21.683570</td>\n      <td>7.305524</td>\n      <td>1015.285913</td>\n      <td>4.428837</td>\n      <td>12.191203</td>\n      <td>52.013712</td>\n      <td>68.806470</td>\n    </tr>\n    <tr>\n      <th>std</th>\n      <td>14433.901067</td>\n      <td>0.417797</td>\n      <td>7.130390</td>\n      <td>14.01738</td>\n      <td>0.007177</td>\n      <td>6.520973</td>\n      <td>3.776794</td>\n      <td>13.655620</td>\n      <td>8.936280</td>\n      <td>0.416171</td>\n      <td>4.251483</td>\n      <td>7.15277</td>\n      <td>8.795403</td>\n      <td>2.717503</td>\n      <td>8.842879</td>\n      <td>6.970918</td>\n      <td>3.546719</td>\n      <td>7.057875</td>\n      <td>2.884968</td>\n      <td>6.414481</td>\n      <td>8.323467</td>\n      <td>19.024988</td>\n    </tr>\n    <tr>\n      <th>min</th>\n      <td>0.000000</td>\n      <td>0.000000</td>\n      <td>982.000000</td>\n      <td>0.00000</td>\n      <td>4.998000</td>\n      <td>-6.200000</td>\n      <td>0.000000</td>\n      <td>7.000000</td>\n      <td>0.000000</td>\n      <td>0.000000</td>\n      <td>0.000000</td>\n      <td>-4.10000</td>\n      <td>0.000000</td>\n      <td>0.000000</td>\n      <td>0.000000</td>\n      <td>-5.100000</td>\n      <td>0.000000</td>\n      <td>978.200000</td>\n      <td>0.000000</td>\n      <td>-8.500000</td>\n      <td>37.000000</td>\n      <td>1.000000</td>\n    </tr>\n    <tr>\n      <th>25%</th>\n      <td>12499.750000</td>\n      <td>0.000000</td>\n      <td>1013.000000</td>\n      <td>11.00000</td>\n      <td>5.014000</td>\n      <td>12.300000</td>\n      <td>4.900000</td>\n      <td>31.000000</td>\n      <td>7.000000</td>\n      <td>0.000000</td>\n      <td>2.600000</td>\n      <td>17.90000</td>\n      <td>0.000000</td>\n      <td>2.000000</td>\n      <td>13.000000</td>\n      <td>16.600000</td>\n      <td>5.000000</td>\n      <td>1010.500000</td>\n      <td>1.000000</td>\n      <td>7.600000</td>\n      <td>45.000000</td>\n      <td>57.000000</td>\n    </tr>\n    <tr>\n      <th>50%</th>\n      <td>24999.500000</td>\n      <td>0.000000</td>\n      <td>1017.600000</td>\n      <td>23.00000</td>\n      <td>5.019100</td>\n      <td>16.700000</td>\n      <td>8.500000</td>\n      <td>39.000000</td>\n      <td>13.000000</td>\n      <td>0.000000</td>\n      <td>4.800000</td>\n      <td>22.60000</td>\n      <td>0.000000</td>\n      <td>5.000000</td>\n      <td>19.000000</td>\n      <td>21.100000</td>\n      <td>7.000000</td>\n      <td>1015.300000</td>\n      <td>5.000000</td>\n      <td>12.000000</td>\n      <td>52.000000</td>\n      <td>70.000000</td>\n    </tr>\n    <tr>\n      <th>75%</th>\n      <td>37499.250000</td>\n      <td>0.000000</td>\n      <td>1022.500000</td>\n      <td>35.00000</td>\n      <td>5.024100</td>\n      <td>21.600000</td>\n      <td>10.600000</td>\n      <td>48.000000</td>\n      <td>19.000000</td>\n      <td>0.000000</td>\n      <td>7.400000</td>\n      <td>28.30000</td>\n      <td>0.800000</td>\n      <td>7.000000</td>\n      <td>24.000000</td>\n      <td>26.500000</td>\n      <td>10.000000</td>\n      <td>1020.100000</td>\n      <td>7.000000</td>\n      <td>16.900000</td>\n      <td>59.000000</td>\n      <td>83.000000</td>\n    </tr>\n    <tr>\n      <th>max</th>\n      <td>49999.000000</td>\n      <td>1.000000</td>\n      <td>1040.900000</td>\n      <td>48.00000</td>\n      <td>5.045800</td>\n      <td>39.100000</td>\n      <td>14.300000</td>\n      <td>130.000000</td>\n      <td>87.000000</td>\n      <td>1.000000</td>\n      <td>145.000000</td>\n      <td>46.80000</td>\n      <td>371.000000</td>\n      <td>9.000000</td>\n      <td>87.000000</td>\n      <td>46.100000</td>\n      <td>13.000000</td>\n      <td>1038.500000</td>\n      <td>9.000000</td>\n      <td>33.900000</td>\n      <td>66.000000</td>\n      <td>100.000000</td>\n    </tr>\n  </tbody>\n</table>\n</div>"
     },
     "metadata": {},
     "execution_count": 14
    }
   ],
   "source": [
    "train_df.describe()"
   ]
  },
  {
   "cell_type": "code",
   "execution_count": 12,
   "metadata": {},
   "outputs": [
    {
     "output_type": "execute_result",
     "data": {
      "text/plain": "   id  target      f0  f1      f2    f3   f4    f5    f6    f7 f8   f9  f10  \\\n0   0       0  1013.1   0  5.0190  26.1  bbd  11.1  33.0  11.0  m  0.0  3.6   \n1   1       0  1010.2   1  5.0142  10.4    n   NaN  46.0  17.0  k  0.0  0.8   \n2   2       0  1014.4   2  5.0280  12.3  xnx   NaN  31.0  13.0  c  1.0  NaN   \n3   3       0  1019.2   3  5.0335  23.0   nx  11.6  41.0   9.0  i  0.0  8.0   \n4   4       0  1027.6   4  5.0129   7.3    d   7.3  28.0  15.0  h  1.0  0.2   \n\n    f11        f12   f13  f14   f15   f16  f17   f18     f19  f20  f21   f22  \\\n0  29.0  be42001f3   0.0  0.0  19.0  27.8  bbd   6.0  1008.9  1.0   nd  17.4   \n1  14.4  3aad93cab   0.8  4.0  22.0  12.7    n  12.0  1012.4  5.0   nx   6.8   \n2  15.4  90116a97d  14.6  NaN   9.0  13.0  nnd   7.0  1016.1  NaN   nx  10.1   \n3  33.4  dc4ee566b   0.0  0.0  17.0  32.3   nx  10.0  1016.6  1.0  dnd  14.4   \n4  14.3  f09cc205f  10.0  1.0  13.0  13.7  dnd   7.0  1024.4  7.0  dbd   6.8   \n\n    f23   f24  \n0  61.0  63.0  \n1  55.0  80.0  \n2  61.0  70.0  \n3   NaN  40.0  \n4  47.0  92.0  ",
      "text/html": "<div>\n<style scoped>\n    .dataframe tbody tr th:only-of-type {\n        vertical-align: middle;\n    }\n\n    .dataframe tbody tr th {\n        vertical-align: top;\n    }\n\n    .dataframe thead th {\n        text-align: right;\n    }\n</style>\n<table border=\"1\" class=\"dataframe\">\n  <thead>\n    <tr style=\"text-align: right;\">\n      <th></th>\n      <th>id</th>\n      <th>target</th>\n      <th>f0</th>\n      <th>f1</th>\n      <th>f2</th>\n      <th>f3</th>\n      <th>f4</th>\n      <th>f5</th>\n      <th>f6</th>\n      <th>f7</th>\n      <th>f8</th>\n      <th>f9</th>\n      <th>f10</th>\n      <th>f11</th>\n      <th>f12</th>\n      <th>f13</th>\n      <th>f14</th>\n      <th>f15</th>\n      <th>f16</th>\n      <th>f17</th>\n      <th>f18</th>\n      <th>f19</th>\n      <th>f20</th>\n      <th>f21</th>\n      <th>f22</th>\n      <th>f23</th>\n      <th>f24</th>\n    </tr>\n  </thead>\n  <tbody>\n    <tr>\n      <th>0</th>\n      <td>0</td>\n      <td>0</td>\n      <td>1013.1</td>\n      <td>0</td>\n      <td>5.0190</td>\n      <td>26.1</td>\n      <td>bbd</td>\n      <td>11.1</td>\n      <td>33.0</td>\n      <td>11.0</td>\n      <td>m</td>\n      <td>0.0</td>\n      <td>3.6</td>\n      <td>29.0</td>\n      <td>be42001f3</td>\n      <td>0.0</td>\n      <td>0.0</td>\n      <td>19.0</td>\n      <td>27.8</td>\n      <td>bbd</td>\n      <td>6.0</td>\n      <td>1008.9</td>\n      <td>1.0</td>\n      <td>nd</td>\n      <td>17.4</td>\n      <td>61.0</td>\n      <td>63.0</td>\n    </tr>\n    <tr>\n      <th>1</th>\n      <td>1</td>\n      <td>0</td>\n      <td>1010.2</td>\n      <td>1</td>\n      <td>5.0142</td>\n      <td>10.4</td>\n      <td>n</td>\n      <td>NaN</td>\n      <td>46.0</td>\n      <td>17.0</td>\n      <td>k</td>\n      <td>0.0</td>\n      <td>0.8</td>\n      <td>14.4</td>\n      <td>3aad93cab</td>\n      <td>0.8</td>\n      <td>4.0</td>\n      <td>22.0</td>\n      <td>12.7</td>\n      <td>n</td>\n      <td>12.0</td>\n      <td>1012.4</td>\n      <td>5.0</td>\n      <td>nx</td>\n      <td>6.8</td>\n      <td>55.0</td>\n      <td>80.0</td>\n    </tr>\n    <tr>\n      <th>2</th>\n      <td>2</td>\n      <td>0</td>\n      <td>1014.4</td>\n      <td>2</td>\n      <td>5.0280</td>\n      <td>12.3</td>\n      <td>xnx</td>\n      <td>NaN</td>\n      <td>31.0</td>\n      <td>13.0</td>\n      <td>c</td>\n      <td>1.0</td>\n      <td>NaN</td>\n      <td>15.4</td>\n      <td>90116a97d</td>\n      <td>14.6</td>\n      <td>NaN</td>\n      <td>9.0</td>\n      <td>13.0</td>\n      <td>nnd</td>\n      <td>7.0</td>\n      <td>1016.1</td>\n      <td>NaN</td>\n      <td>nx</td>\n      <td>10.1</td>\n      <td>61.0</td>\n      <td>70.0</td>\n    </tr>\n    <tr>\n      <th>3</th>\n      <td>3</td>\n      <td>0</td>\n      <td>1019.2</td>\n      <td>3</td>\n      <td>5.0335</td>\n      <td>23.0</td>\n      <td>nx</td>\n      <td>11.6</td>\n      <td>41.0</td>\n      <td>9.0</td>\n      <td>i</td>\n      <td>0.0</td>\n      <td>8.0</td>\n      <td>33.4</td>\n      <td>dc4ee566b</td>\n      <td>0.0</td>\n      <td>0.0</td>\n      <td>17.0</td>\n      <td>32.3</td>\n      <td>nx</td>\n      <td>10.0</td>\n      <td>1016.6</td>\n      <td>1.0</td>\n      <td>dnd</td>\n      <td>14.4</td>\n      <td>NaN</td>\n      <td>40.0</td>\n    </tr>\n    <tr>\n      <th>4</th>\n      <td>4</td>\n      <td>0</td>\n      <td>1027.6</td>\n      <td>4</td>\n      <td>5.0129</td>\n      <td>7.3</td>\n      <td>d</td>\n      <td>7.3</td>\n      <td>28.0</td>\n      <td>15.0</td>\n      <td>h</td>\n      <td>1.0</td>\n      <td>0.2</td>\n      <td>14.3</td>\n      <td>f09cc205f</td>\n      <td>10.0</td>\n      <td>1.0</td>\n      <td>13.0</td>\n      <td>13.7</td>\n      <td>dnd</td>\n      <td>7.0</td>\n      <td>1024.4</td>\n      <td>7.0</td>\n      <td>dbd</td>\n      <td>6.8</td>\n      <td>47.0</td>\n      <td>92.0</td>\n    </tr>\n  </tbody>\n</table>\n</div>"
     },
     "metadata": {},
     "execution_count": 12
    }
   ],
   "source": [
    "train_df.head()"
   ]
  },
  {
   "cell_type": "code",
   "execution_count": 13,
   "metadata": {},
   "outputs": [
    {
     "output_type": "execute_result",
     "data": {
      "text/plain": "              id    target        f0        f1        f2        f3        f5  \\\nid      1.000000  0.003144 -0.000850  0.005590 -0.007503  0.003958 -0.008667   \ntarget  0.003144  1.000000 -0.247061 -0.032807 -0.010213 -0.024554 -0.453247   \nf0     -0.000850 -0.247061  1.000000  0.062974  0.001613 -0.427460  0.042415   \nf1      0.005590 -0.032807  0.062974  1.000000  0.001663 -0.126124 -0.040820   \nf2     -0.007503 -0.010213  0.001613  0.001663  1.000000 -0.010234 -0.005068   \nf3      0.003958 -0.024554 -0.427460 -0.126124 -0.010234  1.000000  0.287120   \nf5     -0.008667 -0.453247  0.042415 -0.040820 -0.005068  0.287120  1.000000   \nf6     -0.005893  0.239032 -0.462258 -0.006931 -0.004474  0.153547 -0.033143   \nf7     -0.004652  0.094705 -0.231708 -0.031680  0.001351  0.132395  0.008380   \nf9     -0.001427  0.309468 -0.184957 -0.026846  0.002762 -0.102586 -0.325936   \nf10     0.009375 -0.113255 -0.270982  0.008206 -0.007656  0.541114  0.356376   \nf11     0.005045 -0.159924 -0.336608 -0.040803 -0.007395  0.887519  0.466836   \nf13     0.001920  0.234378 -0.157705 -0.033707 -0.004762  0.011144 -0.221908   \nf14     0.004579  0.385099 -0.156526  0.013241  0.000227 -0.124709 -0.703818   \nf15    -0.008903  0.088848 -0.296531 -0.021501 -0.003534  0.163282  0.055112   \nf16     0.004133 -0.191812 -0.291689 -0.045499 -0.004530  0.861367  0.487737   \nf18     0.002304 -0.009095 -0.001910  0.004424  0.000002  0.003352 -0.005378   \nf19    -0.002292 -0.227291  0.961483  0.062622  0.001241 -0.475229 -0.018843   \nf20     0.000556  0.314784 -0.129996  0.013681  0.006821 -0.137589 -0.673782   \nf22     0.000984  0.084313 -0.456382 -0.136374 -0.007931  0.902259  0.068814   \nf23    -0.003321  0.159958 -0.011760 -0.089771 -0.007250  0.057253 -0.294046   \nf24    -0.001046  0.252100  0.143089  0.031071  0.006752 -0.475129 -0.493901   \n\n              f6        f7        f9       f10       f11       f13       f14  \\\nid     -0.005893 -0.004652 -0.001427  0.009375  0.005045  0.001920  0.004579   \ntarget  0.239032  0.094705  0.309468 -0.113255 -0.159924  0.234378  0.385099   \nf0     -0.462258 -0.231708 -0.184957 -0.270982 -0.336608 -0.157705 -0.156526   \nf1     -0.006931 -0.031680 -0.026846  0.008206 -0.040803 -0.033707  0.013241   \nf2     -0.004474  0.001351  0.002762 -0.007656 -0.007395 -0.004762  0.000227   \nf3      0.153547  0.132395 -0.102586  0.541114  0.887519  0.011144 -0.124709   \nf5     -0.033143  0.008380 -0.325936  0.356376  0.466836 -0.221908 -0.703818   \nf6      1.000000  0.605819  0.153223  0.202943  0.069409  0.132102  0.112151   \nf7      0.605819  1.000000  0.104655  0.195774  0.015620  0.093477  0.051197   \nf9      0.153223  0.104655  1.000000 -0.186967 -0.233537  0.489136  0.271450   \nf10     0.202943  0.195774 -0.186967  1.000000  0.582215 -0.049737 -0.182652   \nf11     0.069409  0.015620 -0.233537  0.582215  1.000000 -0.073956 -0.276539   \nf13     0.132102  0.093477  0.489136 -0.049737 -0.073956  1.000000  0.170664   \nf14     0.112151  0.051197  0.271450 -0.182652 -0.276539  0.170664  1.000000   \nf15     0.687177  0.521454  0.083437  0.126297  0.050500  0.062995  0.028007   \nf16     0.035183  0.005449 -0.237958  0.566323  0.984595 -0.075953 -0.315028   \nf18     0.008478  0.007724 -0.006373  0.008344  0.003443 -0.003498  0.001450   \nf19    -0.417958 -0.178698 -0.100358 -0.293945 -0.430997 -0.116768 -0.094379   \nf20     0.070265  0.022492  0.297994 -0.179806 -0.290071  0.193761  0.603837   \nf22     0.181051  0.179520  0.049512  0.463514  0.737742  0.102422  0.023995   \nf23    -0.018927  0.012885  0.163928 -0.087857 -0.113942  0.117544  0.247141   \nf24    -0.214602 -0.269178  0.353856 -0.498985 -0.507945  0.218804  0.362123   \n\n             f15       f16       f18       f19       f20       f22       f23  \\\nid     -0.008903  0.004133  0.002304 -0.002292  0.000556  0.000984 -0.003321   \ntarget  0.088848 -0.191812 -0.009095 -0.227291  0.314784  0.084313  0.159958   \nf0     -0.296531 -0.291689 -0.001910  0.961483 -0.129996 -0.456382 -0.011760   \nf1     -0.021501 -0.045499  0.004424  0.062622  0.013681 -0.136374 -0.089771   \nf2     -0.003534 -0.004530  0.000002  0.001241  0.006821 -0.007931 -0.007250   \nf3      0.163282  0.861367  0.003352 -0.475229 -0.137589  0.902259  0.057253   \nf5      0.055112  0.487737 -0.005378 -0.018843 -0.673782  0.068814 -0.294046   \nf6      0.687177  0.035183  0.008478 -0.417958  0.070265  0.181051 -0.018927   \nf7      0.521454  0.005449  0.007724 -0.178698  0.022492  0.179520  0.012885   \nf9      0.083437 -0.237958 -0.006373 -0.100358  0.297994  0.049512  0.163928   \nf10     0.126297  0.566323  0.008344 -0.293945 -0.179806  0.463514 -0.087857   \nf11     0.050500  0.984595  0.003443 -0.430997 -0.290071  0.737742 -0.113942   \nf13     0.062995 -0.075953 -0.003498 -0.116768  0.193761  0.102422  0.117544   \nf14     0.028007 -0.315028  0.001450 -0.094379  0.603837  0.023995  0.247141   \nf15     1.000000  0.027793  0.010453 -0.256531  0.052102  0.175787  0.054994   \nf16     0.027793  1.000000  0.003297 -0.393523 -0.302248  0.710436 -0.135368   \nf18     0.010453  0.003297  1.000000 -0.001482  0.010941  0.000269  0.001634   \nf19    -0.256531 -0.393523 -0.001482  1.000000 -0.062014 -0.466743  0.018128   \nf20     0.052102 -0.302248  0.010941 -0.062014  1.000000  0.076337  0.244576   \nf22     0.175787  0.710436  0.000269 -0.466743  0.076337  1.000000  0.140294   \nf23     0.054994 -0.135368  0.001634  0.018128  0.244576  0.140294  1.000000   \nf24    -0.144384 -0.502176 -0.004762  0.190739  0.451607 -0.236870  0.258267   \n\n             f24  \nid     -0.001046  \ntarget  0.252100  \nf0      0.143089  \nf1      0.031071  \nf2      0.006752  \nf3     -0.475129  \nf5     -0.493901  \nf6     -0.214602  \nf7     -0.269178  \nf9      0.353856  \nf10    -0.498985  \nf11    -0.507945  \nf13     0.218804  \nf14     0.362123  \nf15    -0.144384  \nf16    -0.502176  \nf18    -0.004762  \nf19     0.190739  \nf20     0.451607  \nf22    -0.236870  \nf23     0.258267  \nf24     1.000000  ",
      "text/html": "<div>\n<style scoped>\n    .dataframe tbody tr th:only-of-type {\n        vertical-align: middle;\n    }\n\n    .dataframe tbody tr th {\n        vertical-align: top;\n    }\n\n    .dataframe thead th {\n        text-align: right;\n    }\n</style>\n<table border=\"1\" class=\"dataframe\">\n  <thead>\n    <tr style=\"text-align: right;\">\n      <th></th>\n      <th>id</th>\n      <th>target</th>\n      <th>f0</th>\n      <th>f1</th>\n      <th>f2</th>\n      <th>f3</th>\n      <th>f5</th>\n      <th>f6</th>\n      <th>f7</th>\n      <th>f9</th>\n      <th>f10</th>\n      <th>f11</th>\n      <th>f13</th>\n      <th>f14</th>\n      <th>f15</th>\n      <th>f16</th>\n      <th>f18</th>\n      <th>f19</th>\n      <th>f20</th>\n      <th>f22</th>\n      <th>f23</th>\n      <th>f24</th>\n    </tr>\n  </thead>\n  <tbody>\n    <tr>\n      <th>id</th>\n      <td>1.000000</td>\n      <td>0.003144</td>\n      <td>-0.000850</td>\n      <td>0.005590</td>\n      <td>-0.007503</td>\n      <td>0.003958</td>\n      <td>-0.008667</td>\n      <td>-0.005893</td>\n      <td>-0.004652</td>\n      <td>-0.001427</td>\n      <td>0.009375</td>\n      <td>0.005045</td>\n      <td>0.001920</td>\n      <td>0.004579</td>\n      <td>-0.008903</td>\n      <td>0.004133</td>\n      <td>0.002304</td>\n      <td>-0.002292</td>\n      <td>0.000556</td>\n      <td>0.000984</td>\n      <td>-0.003321</td>\n      <td>-0.001046</td>\n    </tr>\n    <tr>\n      <th>target</th>\n      <td>0.003144</td>\n      <td>1.000000</td>\n      <td>-0.247061</td>\n      <td>-0.032807</td>\n      <td>-0.010213</td>\n      <td>-0.024554</td>\n      <td>-0.453247</td>\n      <td>0.239032</td>\n      <td>0.094705</td>\n      <td>0.309468</td>\n      <td>-0.113255</td>\n      <td>-0.159924</td>\n      <td>0.234378</td>\n      <td>0.385099</td>\n      <td>0.088848</td>\n      <td>-0.191812</td>\n      <td>-0.009095</td>\n      <td>-0.227291</td>\n      <td>0.314784</td>\n      <td>0.084313</td>\n      <td>0.159958</td>\n      <td>0.252100</td>\n    </tr>\n    <tr>\n      <th>f0</th>\n      <td>-0.000850</td>\n      <td>-0.247061</td>\n      <td>1.000000</td>\n      <td>0.062974</td>\n      <td>0.001613</td>\n      <td>-0.427460</td>\n      <td>0.042415</td>\n      <td>-0.462258</td>\n      <td>-0.231708</td>\n      <td>-0.184957</td>\n      <td>-0.270982</td>\n      <td>-0.336608</td>\n      <td>-0.157705</td>\n      <td>-0.156526</td>\n      <td>-0.296531</td>\n      <td>-0.291689</td>\n      <td>-0.001910</td>\n      <td>0.961483</td>\n      <td>-0.129996</td>\n      <td>-0.456382</td>\n      <td>-0.011760</td>\n      <td>0.143089</td>\n    </tr>\n    <tr>\n      <th>f1</th>\n      <td>0.005590</td>\n      <td>-0.032807</td>\n      <td>0.062974</td>\n      <td>1.000000</td>\n      <td>0.001663</td>\n      <td>-0.126124</td>\n      <td>-0.040820</td>\n      <td>-0.006931</td>\n      <td>-0.031680</td>\n      <td>-0.026846</td>\n      <td>0.008206</td>\n      <td>-0.040803</td>\n      <td>-0.033707</td>\n      <td>0.013241</td>\n      <td>-0.021501</td>\n      <td>-0.045499</td>\n      <td>0.004424</td>\n      <td>0.062622</td>\n      <td>0.013681</td>\n      <td>-0.136374</td>\n      <td>-0.089771</td>\n      <td>0.031071</td>\n    </tr>\n    <tr>\n      <th>f2</th>\n      <td>-0.007503</td>\n      <td>-0.010213</td>\n      <td>0.001613</td>\n      <td>0.001663</td>\n      <td>1.000000</td>\n      <td>-0.010234</td>\n      <td>-0.005068</td>\n      <td>-0.004474</td>\n      <td>0.001351</td>\n      <td>0.002762</td>\n      <td>-0.007656</td>\n      <td>-0.007395</td>\n      <td>-0.004762</td>\n      <td>0.000227</td>\n      <td>-0.003534</td>\n      <td>-0.004530</td>\n      <td>0.000002</td>\n      <td>0.001241</td>\n      <td>0.006821</td>\n      <td>-0.007931</td>\n      <td>-0.007250</td>\n      <td>0.006752</td>\n    </tr>\n    <tr>\n      <th>f3</th>\n      <td>0.003958</td>\n      <td>-0.024554</td>\n      <td>-0.427460</td>\n      <td>-0.126124</td>\n      <td>-0.010234</td>\n      <td>1.000000</td>\n      <td>0.287120</td>\n      <td>0.153547</td>\n      <td>0.132395</td>\n      <td>-0.102586</td>\n      <td>0.541114</td>\n      <td>0.887519</td>\n      <td>0.011144</td>\n      <td>-0.124709</td>\n      <td>0.163282</td>\n      <td>0.861367</td>\n      <td>0.003352</td>\n      <td>-0.475229</td>\n      <td>-0.137589</td>\n      <td>0.902259</td>\n      <td>0.057253</td>\n      <td>-0.475129</td>\n    </tr>\n    <tr>\n      <th>f5</th>\n      <td>-0.008667</td>\n      <td>-0.453247</td>\n      <td>0.042415</td>\n      <td>-0.040820</td>\n      <td>-0.005068</td>\n      <td>0.287120</td>\n      <td>1.000000</td>\n      <td>-0.033143</td>\n      <td>0.008380</td>\n      <td>-0.325936</td>\n      <td>0.356376</td>\n      <td>0.466836</td>\n      <td>-0.221908</td>\n      <td>-0.703818</td>\n      <td>0.055112</td>\n      <td>0.487737</td>\n      <td>-0.005378</td>\n      <td>-0.018843</td>\n      <td>-0.673782</td>\n      <td>0.068814</td>\n      <td>-0.294046</td>\n      <td>-0.493901</td>\n    </tr>\n    <tr>\n      <th>f6</th>\n      <td>-0.005893</td>\n      <td>0.239032</td>\n      <td>-0.462258</td>\n      <td>-0.006931</td>\n      <td>-0.004474</td>\n      <td>0.153547</td>\n      <td>-0.033143</td>\n      <td>1.000000</td>\n      <td>0.605819</td>\n      <td>0.153223</td>\n      <td>0.202943</td>\n      <td>0.069409</td>\n      <td>0.132102</td>\n      <td>0.112151</td>\n      <td>0.687177</td>\n      <td>0.035183</td>\n      <td>0.008478</td>\n      <td>-0.417958</td>\n      <td>0.070265</td>\n      <td>0.181051</td>\n      <td>-0.018927</td>\n      <td>-0.214602</td>\n    </tr>\n    <tr>\n      <th>f7</th>\n      <td>-0.004652</td>\n      <td>0.094705</td>\n      <td>-0.231708</td>\n      <td>-0.031680</td>\n      <td>0.001351</td>\n      <td>0.132395</td>\n      <td>0.008380</td>\n      <td>0.605819</td>\n      <td>1.000000</td>\n      <td>0.104655</td>\n      <td>0.195774</td>\n      <td>0.015620</td>\n      <td>0.093477</td>\n      <td>0.051197</td>\n      <td>0.521454</td>\n      <td>0.005449</td>\n      <td>0.007724</td>\n      <td>-0.178698</td>\n      <td>0.022492</td>\n      <td>0.179520</td>\n      <td>0.012885</td>\n      <td>-0.269178</td>\n    </tr>\n    <tr>\n      <th>f9</th>\n      <td>-0.001427</td>\n      <td>0.309468</td>\n      <td>-0.184957</td>\n      <td>-0.026846</td>\n      <td>0.002762</td>\n      <td>-0.102586</td>\n      <td>-0.325936</td>\n      <td>0.153223</td>\n      <td>0.104655</td>\n      <td>1.000000</td>\n      <td>-0.186967</td>\n      <td>-0.233537</td>\n      <td>0.489136</td>\n      <td>0.271450</td>\n      <td>0.083437</td>\n      <td>-0.237958</td>\n      <td>-0.006373</td>\n      <td>-0.100358</td>\n      <td>0.297994</td>\n      <td>0.049512</td>\n      <td>0.163928</td>\n      <td>0.353856</td>\n    </tr>\n    <tr>\n      <th>f10</th>\n      <td>0.009375</td>\n      <td>-0.113255</td>\n      <td>-0.270982</td>\n      <td>0.008206</td>\n      <td>-0.007656</td>\n      <td>0.541114</td>\n      <td>0.356376</td>\n      <td>0.202943</td>\n      <td>0.195774</td>\n      <td>-0.186967</td>\n      <td>1.000000</td>\n      <td>0.582215</td>\n      <td>-0.049737</td>\n      <td>-0.182652</td>\n      <td>0.126297</td>\n      <td>0.566323</td>\n      <td>0.008344</td>\n      <td>-0.293945</td>\n      <td>-0.179806</td>\n      <td>0.463514</td>\n      <td>-0.087857</td>\n      <td>-0.498985</td>\n    </tr>\n    <tr>\n      <th>f11</th>\n      <td>0.005045</td>\n      <td>-0.159924</td>\n      <td>-0.336608</td>\n      <td>-0.040803</td>\n      <td>-0.007395</td>\n      <td>0.887519</td>\n      <td>0.466836</td>\n      <td>0.069409</td>\n      <td>0.015620</td>\n      <td>-0.233537</td>\n      <td>0.582215</td>\n      <td>1.000000</td>\n      <td>-0.073956</td>\n      <td>-0.276539</td>\n      <td>0.050500</td>\n      <td>0.984595</td>\n      <td>0.003443</td>\n      <td>-0.430997</td>\n      <td>-0.290071</td>\n      <td>0.737742</td>\n      <td>-0.113942</td>\n      <td>-0.507945</td>\n    </tr>\n    <tr>\n      <th>f13</th>\n      <td>0.001920</td>\n      <td>0.234378</td>\n      <td>-0.157705</td>\n      <td>-0.033707</td>\n      <td>-0.004762</td>\n      <td>0.011144</td>\n      <td>-0.221908</td>\n      <td>0.132102</td>\n      <td>0.093477</td>\n      <td>0.489136</td>\n      <td>-0.049737</td>\n      <td>-0.073956</td>\n      <td>1.000000</td>\n      <td>0.170664</td>\n      <td>0.062995</td>\n      <td>-0.075953</td>\n      <td>-0.003498</td>\n      <td>-0.116768</td>\n      <td>0.193761</td>\n      <td>0.102422</td>\n      <td>0.117544</td>\n      <td>0.218804</td>\n    </tr>\n    <tr>\n      <th>f14</th>\n      <td>0.004579</td>\n      <td>0.385099</td>\n      <td>-0.156526</td>\n      <td>0.013241</td>\n      <td>0.000227</td>\n      <td>-0.124709</td>\n      <td>-0.703818</td>\n      <td>0.112151</td>\n      <td>0.051197</td>\n      <td>0.271450</td>\n      <td>-0.182652</td>\n      <td>-0.276539</td>\n      <td>0.170664</td>\n      <td>1.000000</td>\n      <td>0.028007</td>\n      <td>-0.315028</td>\n      <td>0.001450</td>\n      <td>-0.094379</td>\n      <td>0.603837</td>\n      <td>0.023995</td>\n      <td>0.247141</td>\n      <td>0.362123</td>\n    </tr>\n    <tr>\n      <th>f15</th>\n      <td>-0.008903</td>\n      <td>0.088848</td>\n      <td>-0.296531</td>\n      <td>-0.021501</td>\n      <td>-0.003534</td>\n      <td>0.163282</td>\n      <td>0.055112</td>\n      <td>0.687177</td>\n      <td>0.521454</td>\n      <td>0.083437</td>\n      <td>0.126297</td>\n      <td>0.050500</td>\n      <td>0.062995</td>\n      <td>0.028007</td>\n      <td>1.000000</td>\n      <td>0.027793</td>\n      <td>0.010453</td>\n      <td>-0.256531</td>\n      <td>0.052102</td>\n      <td>0.175787</td>\n      <td>0.054994</td>\n      <td>-0.144384</td>\n    </tr>\n    <tr>\n      <th>f16</th>\n      <td>0.004133</td>\n      <td>-0.191812</td>\n      <td>-0.291689</td>\n      <td>-0.045499</td>\n      <td>-0.004530</td>\n      <td>0.861367</td>\n      <td>0.487737</td>\n      <td>0.035183</td>\n      <td>0.005449</td>\n      <td>-0.237958</td>\n      <td>0.566323</td>\n      <td>0.984595</td>\n      <td>-0.075953</td>\n      <td>-0.315028</td>\n      <td>0.027793</td>\n      <td>1.000000</td>\n      <td>0.003297</td>\n      <td>-0.393523</td>\n      <td>-0.302248</td>\n      <td>0.710436</td>\n      <td>-0.135368</td>\n      <td>-0.502176</td>\n    </tr>\n    <tr>\n      <th>f18</th>\n      <td>0.002304</td>\n      <td>-0.009095</td>\n      <td>-0.001910</td>\n      <td>0.004424</td>\n      <td>0.000002</td>\n      <td>0.003352</td>\n      <td>-0.005378</td>\n      <td>0.008478</td>\n      <td>0.007724</td>\n      <td>-0.006373</td>\n      <td>0.008344</td>\n      <td>0.003443</td>\n      <td>-0.003498</td>\n      <td>0.001450</td>\n      <td>0.010453</td>\n      <td>0.003297</td>\n      <td>1.000000</td>\n      <td>-0.001482</td>\n      <td>0.010941</td>\n      <td>0.000269</td>\n      <td>0.001634</td>\n      <td>-0.004762</td>\n    </tr>\n    <tr>\n      <th>f19</th>\n      <td>-0.002292</td>\n      <td>-0.227291</td>\n      <td>0.961483</td>\n      <td>0.062622</td>\n      <td>0.001241</td>\n      <td>-0.475229</td>\n      <td>-0.018843</td>\n      <td>-0.417958</td>\n      <td>-0.178698</td>\n      <td>-0.100358</td>\n      <td>-0.293945</td>\n      <td>-0.430997</td>\n      <td>-0.116768</td>\n      <td>-0.094379</td>\n      <td>-0.256531</td>\n      <td>-0.393523</td>\n      <td>-0.001482</td>\n      <td>1.000000</td>\n      <td>-0.062014</td>\n      <td>-0.466743</td>\n      <td>0.018128</td>\n      <td>0.190739</td>\n    </tr>\n    <tr>\n      <th>f20</th>\n      <td>0.000556</td>\n      <td>0.314784</td>\n      <td>-0.129996</td>\n      <td>0.013681</td>\n      <td>0.006821</td>\n      <td>-0.137589</td>\n      <td>-0.673782</td>\n      <td>0.070265</td>\n      <td>0.022492</td>\n      <td>0.297994</td>\n      <td>-0.179806</td>\n      <td>-0.290071</td>\n      <td>0.193761</td>\n      <td>0.603837</td>\n      <td>0.052102</td>\n      <td>-0.302248</td>\n      <td>0.010941</td>\n      <td>-0.062014</td>\n      <td>1.000000</td>\n      <td>0.076337</td>\n      <td>0.244576</td>\n      <td>0.451607</td>\n    </tr>\n    <tr>\n      <th>f22</th>\n      <td>0.000984</td>\n      <td>0.084313</td>\n      <td>-0.456382</td>\n      <td>-0.136374</td>\n      <td>-0.007931</td>\n      <td>0.902259</td>\n      <td>0.068814</td>\n      <td>0.181051</td>\n      <td>0.179520</td>\n      <td>0.049512</td>\n      <td>0.463514</td>\n      <td>0.737742</td>\n      <td>0.102422</td>\n      <td>0.023995</td>\n      <td>0.175787</td>\n      <td>0.710436</td>\n      <td>0.000269</td>\n      <td>-0.466743</td>\n      <td>0.076337</td>\n      <td>1.000000</td>\n      <td>0.140294</td>\n      <td>-0.236870</td>\n    </tr>\n    <tr>\n      <th>f23</th>\n      <td>-0.003321</td>\n      <td>0.159958</td>\n      <td>-0.011760</td>\n      <td>-0.089771</td>\n      <td>-0.007250</td>\n      <td>0.057253</td>\n      <td>-0.294046</td>\n      <td>-0.018927</td>\n      <td>0.012885</td>\n      <td>0.163928</td>\n      <td>-0.087857</td>\n      <td>-0.113942</td>\n      <td>0.117544</td>\n      <td>0.247141</td>\n      <td>0.054994</td>\n      <td>-0.135368</td>\n      <td>0.001634</td>\n      <td>0.018128</td>\n      <td>0.244576</td>\n      <td>0.140294</td>\n      <td>1.000000</td>\n      <td>0.258267</td>\n    </tr>\n    <tr>\n      <th>f24</th>\n      <td>-0.001046</td>\n      <td>0.252100</td>\n      <td>0.143089</td>\n      <td>0.031071</td>\n      <td>0.006752</td>\n      <td>-0.475129</td>\n      <td>-0.493901</td>\n      <td>-0.214602</td>\n      <td>-0.269178</td>\n      <td>0.353856</td>\n      <td>-0.498985</td>\n      <td>-0.507945</td>\n      <td>0.218804</td>\n      <td>0.362123</td>\n      <td>-0.144384</td>\n      <td>-0.502176</td>\n      <td>-0.004762</td>\n      <td>0.190739</td>\n      <td>0.451607</td>\n      <td>-0.236870</td>\n      <td>0.258267</td>\n      <td>1.000000</td>\n    </tr>\n  </tbody>\n</table>\n</div>"
     },
     "metadata": {},
     "execution_count": 13
    }
   ],
   "source": [
    "train_df.corr()"
   ]
  },
  {
   "cell_type": "code",
   "execution_count": null,
   "metadata": {},
   "outputs": [],
   "source": []
  }
 ],
 "metadata": {
  "kernelspec": {
   "display_name": "Python 3",
   "language": "python",
   "name": "python3"
  },
  "language_info": {
   "codemirror_mode": {
    "name": "ipython",
    "version": 3
   },
   "file_extension": ".py",
   "mimetype": "text/x-python",
   "name": "python",
   "nbconvert_exporter": "python",
   "pygments_lexer": "ipython3",
   "version": "3.8.2-final"
  }
 },
 "nbformat": 4,
 "nbformat_minor": 4
}